muscles =[

   100   100   100   100
     0     0     0     0
   100   100   100   100
     0     0     0     0
   100   100   100   100
     0     0     0     0
   100   100   100   100
     0     0     0     0
   100   100   100   100
     0     0     0     0]
 
 legs = [0     0     0     1     1
     1     1     0     0     0
     0     0     0     1     1
     1     1     0     0     0
     0     0     0     1     1
     1     1     0     0     0
     0     0     0     1     1
     1     1     0     0     0
     0     0     0     1     1
     1     1     0     0     0]
 
%1.04e3
legs = [0     0     0     1     1
     1     1     0     0     0
     1     0     0     1     0
     0     0     0     1     1
     1     0     1     0     0
     1     1     0     0     0
     0     0     0     1     1
     1     1     0     0     0
     0     0     0     1     1
     1     1     0     0     0]
 muscle=[ 100   100   100     0
   100     0     0     0
     0     0   100     0
   100   100   100     0
     0   100   100   100
     0     0     0   100
     0   100   100     0
     0     0     0   100
   100   100   100   100
     0     0     0     0]
 
 % 1202.3
 legs = [0,0,0,1,1;1,1,0,0,0;0,0,0,1,1;1,1,0,0,0;0,0,0,1,1;1,1,0,0,0;0,0,0,1,1;1,1,0,0,0;0,0,0,1,1;1,1,0,0,0]
 muscles = [0,100,100,0;0,0,0,100;100,100,100,0;100,0,0,100;100,100,100,0;100,0,0,0;0,100,100,100;0,0,0,100;100,100,100,0;0,0,0,0]